0800022211201200001
10187508115600000000005720000000000000000500201120121853000000000                          
10196338110600000000005720000000000000000500201120122246000000000                          
10217515117300000000006600000000000000000500201120121957000000000                          
10220124117800000000006600000000000000000500201120122006000000000                          
10220135112400000000006600000000000000000500201120122007000000000                          
10222733111000000000002200000000000000000500201120122000000000000                          
10225819119200000000006600000000000000000500201120122216000000000                          
10226559111300000000006600000000000000000500201120121955000000000                          
10227898117100000000006600000000000000000500201120121940000000000                          
10228093112200000000006600000000000000000500201120121954000000000                          
10229572111000000000006600000000000000001000221120121430440000000                          
10231188117500000000006600000000000000000500201120122024000000000                          
10231189115600000000001100000000000000000500201120122025000000000                          
10232832112900000000006600000000000000000500201120122020000000000                          
9000001400000000080740000000000000007500
