0MEPS000000080009000220121123020121122090002943XX0000                                                      
2040000000000002012112210340000000300000000001000  000000000000000               0054878110800             
2040000000000002012112211030000000300000000001000  000000000000000               0060460087900             
2040000000000002012112211020000000300000000001000  000000000000000               0060461094600             
2040000000000002012112211040000000275000000001000  000000000000000               0060462103200             
2040000000000002012112211060000000300000000001000  000000000000000               0061612113600             
2040000000000002012112209260000000744000000001000  000000000000000               0062040086900             
2040000000000002012112209290000000744000000001000  000000000000000               0062040086900             
2040000000000002012112209310000000744000000001000  000000000000000               0062041093600             
2040000000000002012112209340000000744000000001000  000000000000000               0062042100300             
2040000000000002012112209350000000620000000001000  000000000000000               0062044123900             
2040000000000002012112211010000000061000000001000  000000000000000               0062342070400             
9000000110000000000513200000000001100000000000000                                                          
